w1 w2 w3 RMSD_Y mAD_Y Pearson_Y Spearman_Y
inverse SSE 0.3 0.39 0.31 17.9039085710641 8.32481811090194 0.448360405523836 0.650344043733551
inverse SAE 0.33 0.35 0.32 18.036877351172 8.3622270971698 0.446740984949381 0.648810156493612
inverse RMSD 0.32 0.36 0.32 17.9930025850502 8.35053599870381 0.447288562028796 0.649290104142345
LAD 0.29 0.61 0.11 17.4952639595812 8.20893889724497 0.451554169959269 0.654303490599436
NNLS 0 0.74 0.26 17.2427424995461 8.26964024044509 0.452686689533199 0.649547852717546
mAD_Y 0.28 0.64 0.08 17.4595235182447 8.20684327584189 0.451488240842359 0.65408653186471
RMSD_Y 0 0.8 0.2 17.2316000277237 8.2903923255741 0.451457531875257 0.648165589675349
Spearman_Y 0.33 0.58 0.09 17.5623204731173 8.21373184911425 0.4509540127031 0.654394907566626
w1 w2 w3 RMSD_Y mAD_Y Pearson_Y Spearman_Y
inverse SSE 0.3 0.39 0.31 16.0918066611892 8.15346979644438 0.484749457442451 0.656674680488223
inverse SAE 0.33 0.35 0.32 16.2175142955416 8.19535309694364 0.482341816104695 0.65480678314994
inverse RMSD 0.32 0.36 0.32 16.1792360821491 8.1825192871131 0.483085217055311 0.655381547827534
LAD 0.13 0.65 0.21 15.5944591360055 8.03902203677102 0.493050898893993 0.661154323106466
NNLS 0 0.75 0.25 15.5007696853735 8.06825827811448 0.493916180995084 0.659645781385556
mAD_Y 0.17 0.65 0.18 15.6147071617795 8.03805496116961 0.492552960956592 0.661071011085104
RMSD_Y 0 0.78 0.22 15.4968160564303 8.07863334199323 0.49344681409651 0.658986633007919
Spearman_Y 0.13 0.63 0.24 15.6137877935735 8.04021190130253 0.49299812326312 0.661229033536775
